planta	fruto	circularidad.polar	circularidad.ecuatorial	area.polar	area.ecuatorial	perimetro.polar	perimetro.ecuatorial	diametro.polar.a	diametro.polar.b	diametro.ecuatorial.a	diametro.ecuatorial.b
18116	1	0.881	0.876	0.369	0.496	2.294	2.666	0.749	0.706	0.707	0.674
18116	2	0.891	0.809	0.435	0.602	2.477	3.057	0.793	0.767	0.81	0.685
18116	3	0.881	0.876	0.347	0.449	2.225	2.538	0.697	0.676	0.696	0.592
18116	4	0.894	0.857	0.447	0.59	2.505	2.941	0.797	0.806	0.739	0.685
18116	5	0.571	0.824	0.445	0.616	3.131	3.066	0.754	0.763	0.717	0.658
18116	6	0.891	0.868	0.552	0.826	2.789	3.457	0.766	0.816	0.765	0.748
18116	7	0.876	0.879	0.446	0.638	2.528	3.019	0.677	0.735	0.732	0.696
18116	8	0.881	0.904	0.433	0.712	2.486	3.147	0.636	0.709	0.697	0.696
18116	9	0.848	0.819	0.396	0.592	2.424	3.013	0.709	0.66	0.638	0.654
18116	10	0.596	0.624	0.473	0.751	3.157	3.889	0.668	0.668	0.68	0.701
18116	11	0.883	0.828	0.306	0.426	2.088	2.542	0.65	0.685	0.647	0.587
18116	12	0.91	0.779	0.336	0.465	2.153	2.738	0.671	0.702	0.697	0.657
18116	13	0.876	0.771	0.328	0.455	2.171	2.722	0.689	0.65	0.637	0.693
18116	14	0.892	0.893	0.306	0.404	2.075	2.383	0.663	0.624	0.607	0.597
18116	15	0.806	0.807	0.262	0.378	2.02	2.427	0.585	0.537	0.571	0.585
18116	16	0.875	0.889	0.48	0.73	2.627	3.213	0.709	0.758	0.707	0.718
18116	17	0.894	0.885	0.534	0.787	2.739	3.343	0.734	0.783	0.739	0.739
18116	18	0.868	0.896	0.491	0.714	2.665	3.166	0.717	0.758	0.73	0.667
18116	19	0.885	0.893	0.522	0.784	2.722	3.321	0.726	0.766	0.744	0.684
18116	20	0.728	0.629	0.501	0.744	2.939	3.857	0.677	0.742	0.728	0.664
18116	21	0.869	0.842	0.347	0.45	2.239	2.59	0.732	0.723	0.663	0.636
18116	22	0.863	0.663	0.36	0.482	2.29	3.022	0.741	0.706	0.685	0.685
18116	23	0.878	0.878	0.311	0.39	2.112	2.362	0.68	0.65	0.57	0.647
18116	24	0.895	0.837	0.353	0.439	2.227	2.569	0.723	0.68	0.578	0.647
18116	25	0.784	0.839	0.468	0.587	2.738	2.965	0.806	0.745	0.783	0.712
18116	26	0.893	0.872	0.477	0.722	2.591	3.226	0.709	0.766	0.702	0.717
18116	27	0.887	0.882	0.417	0.62	2.431	2.971	0.652	0.693	0.675	0.643
18116	28	0.828	0.892	0.395	0.6	2.448	2.906	0.66	0.668	0.664	0.622
18116	29	0.802	0.749	0.455	0.688	2.668	3.397	0.701	0.693	0.688	0.676
18116	30	0.659	0.759	0.471	0.691	2.996	3.382	0.652	0.66	0.616	0.664
55451	1	0.854	0.631	0.45	0.362	2.574	2.683	0.769	0.678	0.815	0.698
55451	2	0.888	0.406	0.417	0.37	2.43	3.382	0.697	0.707	0.733	0.682
55451	3	0.888	0.662	0.436	0.253	2.483	2.19	0.745	0.713	0.746	0.722
55451	4	0.891	0.88	0.449	0.44	2.517	2.506	0.712	0.665	0.698	0.768
55451	5	0.892	0.889	0.395	0.404	2.36	2.389	0.704	0.687	0.663	0.725
55451	6	0.892	0.716	0.363	0.388	2.262	2.608	0.688	0.6	0.575	0.692
55451	7	0.872	0.88	0.472	0.466	2.608	2.579	0.78	0.685	0.714	0.783
55451	8	0.887	0.878	0.449	0.437	2.522	2.501	0.71	0.737	0.707	0.757
55451	9	0.866	0.88	0.525	0.533	2.762	2.76	0.815	0.763	0.759	0.813
55451	10	0.775	0.602	0.504	0.518	2.859	3.288	0.72	0.768	0.736	0.788
55451	11	0.665	0.737	0.427	0.362	2.838	2.486	0.737	0.706	0.744	0.695
55451	12	0.846	0.884	0.344	0.385	2.263	2.34	0.648	0.632	0.667	0.655
55451	13	0.9	0.39	0.506	0.651	2.658	4.579	0.779	0.728	0.787	0.776
55451	14	0.877	0.859	0.499	0.47	2.673	2.622	0.736	0.775	0.746	0.784
55451	15	0.89	0.886	0.386	0.344	2.334	2.208	0.673	0.699	0.687	0.62
55451	16	0.887	0.454	0.438	0.521	2.492	3.799	0.769	0.658	0.715	0.754
55451	17	0.884	0.875	0.429	0.416	2.471	2.446	0.716	0.679	0.705	0.725
55451	18	0.857	0.867	0.431	0.424	2.515	2.478	0.732	0.698	0.751	0.694
55451	19	0.874	0.89	0.43	0.434	2.487	2.475	0.68	0.729	0.702	0.744
55451	20	0.751	0.548	0.534	0.525	2.988	3.467	0.808	0.704	0.739	0.808
55451	21	0.802	0.891	0.381	0.445	2.444	2.504	0.615	0.726	0.726	0.692
55451	22	0.791	0.89	0.345	0.403	2.343	2.386	0.609	0.673	0.649	0.672
55451	23	0.878	0.696	0.492	0.605	2.654	3.305	0.774	0.733	0.773	0.744
55451	24	0.822	0.882	0.398	0.4	2.465	2.386	0.702	0.61	0.693	0.715
55451	25	0.884	0.884	0.351	0.346	2.233	2.217	0.713	0.604	0.614	0.703
55451	26	0.896	0.581	0.433	0.456	2.463	3.139	0.751	0.687	0.718	0.721
55451	27	0.898	0.885	0.336	0.333	2.167	2.172	0.658	0.579	0.651	0.63
55451	28	0.877	0.836	0.334	0.335	2.188	2.246	0.607	0.682	0.611	0.653
55451	29	0.88	0.886	0.345	0.348	2.218	2.222	0.671	0.65	0.631	0.669
55451	30	NA	0.696	NA	0.42	NA	2.754	0.723	0.665	0.68	0.717
55662	1	0.876	0.849	0.393	0.425	2.374	2.509	0.743	0.65	0.68	0.715
55662	2	0.893	0.869	0.454	0.467	2.528	2.598	0.764	0.704	0.757	0.729
55662	3	0.876	0.844	0.513	0.552	2.713	2.867	0.78	0.773	0.779	0.797
55662	4	0.88	0.823	0.557	0.573	2.82	2.96	0.839	0.737	0.76	0.789
55662	5	0.718	0.853	0.577	0.46	3.179	2.604	0.977	1.006	0.801	0.768
55662	6	0.528	0.819	0.555	0.451	3.634	2.63	0.93	0.965	0.796	0.735
55662	7	0.824	0.881	0.639	0.523	3.123	2.73	1	0.982	0.764	0.803
55662	8	0.758	0.895	0.797	0.662	3.635	3.048	0.956	0.856	0.82	0.892
55662	9	0.854	0.861	0.478	0.536	2.652	2.797	0.81	0.787	0.79	0.775
55662	10	0.807	0.892	0.39	0.421	2.464	2.435	0.724	0.66	0.689	0.649
55662	11	0.892	0.827	0.459	0.46	2.541	2.644	0.738	0.734	0.702	0.779
55662	12	0.91	0.777	0.399	0.414	2.349	2.588	0.704	0.661	0.656	0.721
55662	13	0.9	0.874	0.364	0.37	2.256	2.306	0.638	0.684	0.63	0.662
55662	14	0.886	0.867	0.52	0.534	2.715	2.781	0.746	0.769	0.756	0.774
55662	15	0.778	0.487	0.552	0.444	2.986	3.385	0.959	0.959	0.787	0.789
55662	16	0.71	0.732	0.488	0.398	2.939	2.614	0.918	0.836	0.73	0.734
55662	17	0.866	0.871	0.464	0.388	2.594	2.367	0.825	0.845	0.702	0.705
55662	18	0.58	0.883	0.501	0.493	3.294	2.648	0.801	0.755	0.695	0.788
55662	19	0.793	0.863	0.427	0.442	2.601	2.536	0.76	0.677	0.68	0.726
55662	20	0.869	0.861	0.564	0.593	2.856	2.943	0.81	0.828	0.768	0.768
55662	21	0.901	0.878	0.548	0.617	2.764	2.971	0.807	0.784	0.779	0.754
55662	22	0.887	0.804	0.568	0.637	2.837	3.156	0.803	0.834	0.784	0.716
55662	23	0.885	0.875	0.524	0.57	2.727	2.86	0.792	0.796	0.752	0.783
55662	24	0.882	0.64	0.579	0.657	2.871	3.592	0.838	0.811	0.76	0.766
55662	25	0.685	0.759	0.668	0.576	3.5	3.086	1.012	1.105	0.826	0.939
55662	26	0.7	0.721	0.642	0.553	3.395	3.105	0.994	1.041	0.824	0.874
55662	27	0.837	0.848	0.576	0.482	2.941	2.673	0.918	0.947	0.781	0.779
55662	28	0.702	0.809	0.464	0.518	2.883	2.837	0.787	0.742	0.735	0.769
55662	29	0.748	0.861	0.536	0.577	3.002	2.903	0.833	0.801	0.775	0.833
55662	30	0.838	0.845	0.495	0.566	2.726	2.901	0.783	0.76	0.779	0.775
55666	1	0.897	0.801	0.455	0.391	2.526	2.478	0.688	0.708	0.723	0.7
55666	2	0.87	0.72	0.664	0.55	3.097	3.098	0.944	0.831	0.874	0.745
55666	3	0.884	0.838	0.747	0.656	3.259	3.137	0.944	0.871	0.876	0.91
55666	4	0.648	0.846	0.863	0.633	4.089	3.066	0.873	0.935	0.863	0.855
55666	5	0.871	0.88	0.465	0.469	2.59	2.587	0.806	0.716	0.758	0.749
55666	6	0.598	0.618	0.609	0.732	3.578	3.858	0.834	0.925	0.864	0.837
55666	7	0.702	0.694	0.48	0.538	2.932	3.119	0.781	0.718	0.854	0.811
55666	8	0.891	0.884	0.519	0.544	2.704	2.781	0.81	0.753	0.917	0.805
55666	9	0.911	0.879	0.491	0.522	2.603	2.731	0.78	0.732	0.814	0.783
55666	10	0.76	0.818	0.463	0.488	2.768	2.738	0.717	0.802	0.768	0.754
55666	11	0.885	0.585	0.461	0.407	2.558	2.955	0.728	0.747	0.713	0.718
55666	12	0.8	0.402	0.506	0.468	2.82	3.826	0.743	0.777	0.786	0.785
55666	13	0.829	0.845	0.443	0.42	2.591	2.5	0.669	0.719	0.683	0.704
55666	14	0.505	0.595	0.594	0.527	3.845	3.336	0.808	0.774	0.744	0.744
55666	15	0.789	0.888	0.627	0.616	3.159	2.951	0.866	0.929	0.8	0.889
55666	16	0.885	0.622	0.443	0.536	2.507	3.292	0.753	0.656	0.776	0.754
55666	17	0.892	0.875	0.39	0.424	2.346	2.468	0.678	0.677	0.741	0.784
55666	18	0.894	0.869	0.493	0.547	2.632	2.811	0.722	0.816	0.808	0.876
55666	19	0.893	0.869	0.445	0.489	2.502	2.659	0.717	0.749	0.768	0.725
55666	20	0.787	0.89	0.538	0.576	2.932	2.853	0.749	0.844	0.779	0.814
55666	21	0.794	0.88	0.483	0.434	2.765	2.488	0.716	0.777	0.746	0.714
55666	22	0.829	0.877	0.326	0.32	2.222	2.143	0.617	0.56	0.581	0.654
55666	23	0.804	0.883	0.543	0.509	2.915	2.69	0.768	0.774	0.716	0.789
55666	24	0.696	0.474	0.557	0.537	3.171	3.772	0.78	0.695	0.744	0.762
55666	25	0.778	0.869	0.621	0.613	3.169	2.976	0.914	0.871	0.843	0.827
55666	26	0.751	0.749	0.532	0.563	2.982	3.073	0.819	0.785	0.719	0.8
55666	27	0.908	0.856	0.447	0.482	2.488	2.661	0.718	0.739	0.769	0.746
55666	28	0.893	0.753	0.403	0.43	2.383	2.678	0.702	0.689	0.709	0.683
55666	29	0.883	0.697	0.559	0.604	2.82	3.301	0.853	0.744	0.829	0.785
55666	30	0.733	0.507	0.642	0.643	3.318	3.991	0.801	0.863	0.819	0.769
56002	1	0.803	0.858	0.392	0.377	2.476	2.349	0.676	0.698	0.674	0.709
56002	2	0.845	0.886	0.429	0.424	2.526	2.453	0.735	0.72	0.727	0.698
56002	3	0.833	0.849	0.411	0.417	2.489	2.483	0.736	0.639	0.668	0.756
56002	4	0.878	0.843	0.555	0.525	2.817	2.798	0.804	0.757	0.794	0.784
56002	5	0.865	0.711	0.556	0.528	2.843	3.053	0.743	0.796	0.735	0.86
56002	6	0.882	0.85	0.545	0.496	2.787	2.706	0.763	0.743	0.77	0.766
56002	7	0.865	0.815	0.527	0.482	2.766	2.727	0.737	0.697	0.741	0.78
56002	8	0.864	0.86	0.488	0.459	2.665	2.589	0.761	0.736	0.706	0.729
56002	9	0.897	0.877	0.451	0.503	2.512	2.685	0.712	0.756	0.747	0.731
56002	10	0.879	0.89	0.426	0.427	2.467	2.456	0.707	0.697	0.642	0.683
56002	11	0.872	0.824	0.364	0.351	2.291	2.312	0.705	0.646	0.626	0.665
56002	12	0.805	0.747	0.406	0.361	2.516	2.465	0.724	0.668	0.67	0.698
56002	13	0.876	0.698	0.385	0.373	2.35	2.591	0.665	0.668	0.693	0.674
56002	14	0.849	0.86	0.349	0.319	2.273	2.158	0.632	0.646	0.601	0.625
56002	15	0.872	0.582	0.328	0.285	2.173	2.479	0.566	0.612	0.595	0.616
56002	16	0.881	0.669	0.469	0.388	2.586	2.699	0.691	0.651	0.684	0.671
56002	17	0.865	0.876	0.38	0.449	2.348	2.539	0.645	0.684	0.755	0.685
56002	18	0.895	0.836	0.44	0.358	2.485	2.321	0.638	0.642	0.641	0.598
56002	19	0.906	0.853	0.458	0.418	2.521	2.48	0.697	0.707	0.641	0.68
56002	20	0.885	0.86	0.492	0.42	2.644	2.478	0.673	0.692	0.637	0.683
56002	21	0.848	0.784	0.45	0.414	2.582	2.575	0.652	0.787	0.65	0.77
56002	22	0.854	0.771	0.487	0.482	2.678	2.803	0.776	0.771	0.732	0.809
56002	23	0.848	0.859	0.33	0.316	2.212	2.149	0.639	0.602	0.626	0.617
56002	24	0.869	0.883	0.43	0.412	2.495	2.421	0.69	0.672	0.688	0.703
56002	25	0.886	0.787	0.39	0.344	2.35	2.345	0.645	0.651	0.633	0.697
56002	26	0.857	0.86	0.5	0.459	2.71	2.588	0.704	0.73	0.722	0.722
56002	27	0.842	0.851	0.426	0.421	2.521	2.493	0.737	0.684	0.697	0.703
56002	28	0.833	0.767	0.415	0.443	2.501	2.694	0.647	0.722	0.68	0.68
56002	29	0.795	0.857	0.743	0.403	3.427	2.429	0.719	0.617	0.612	0.707
56002	30	0.882	0.826	0.508	0.687	2.692	3.232	0.905	0.877	0.827	0.858
56016	1	0.831	0.865	0.341	0.384	2.272	2.361	0.674	0.657	0.666	0.64
56016	2	0.835	0.883	0.404	0.405	2.465	2.4	0.685	0.758	0.677	0.7
56016	3	0.862	0.882	0.362	0.404	2.297	2.398	0.674	0.663	0.667	0.674
56016	4	0.811	0.856	0.355	0.341	2.347	2.237	0.613	0.696	0.563	0.646
56016	5	0.731	0.886	0.327	0.416	2.372	2.43	0.665	0.634	0.707	0.733
56016	6	0.778	0.856	0.39	0.482	2.512	2.659	0.742	0.679	0.737	0.778
56016	7	0.893	0.864	0.399	0.387	2.371	2.371	0.665	0.661	0.674	0.727
56016	8	0.895	0.865	0.399	0.396	2.368	2.399	0.7	0.623	0.658	0.726
56016	9	0.871	0.852	0.549	0.544	2.813	2.833	0.741	0.769	0.777	0.726
56016	10	0.869	0.84	0.469	0.497	2.606	2.728	0.684	0.698	0.719	0.739
56016	11	0.84	0.843	0.37	0.449	2.354	2.586	0.692	0.775	0.671	0.705
56016	12	0.88	0.829	0.379	0.431	2.326	2.555	0.708	0.719	0.691	0.687
56016	13	0.882	0.832	0.382	0.417	2.333	2.508	0.657	0.736	0.622	0.711
56016	14	0.742	0.879	0.442	0.475	2.737	2.604	0.747	0.73	0.696	0.736
56016	15	0.48	0.873	0.398	0.48	3.227	2.629	0.76	0.692	0.7	0.773
56016	16	0.444	0.88	0.378	0.516	3.271	2.716	0.665	0.782	0.733	0.807
56016	17	0.889	0.891	0.417	0.41	2.428	2.405	0.674	0.679	0.706	0.724
56016	18	0.897	0.881	0.534	0.502	2.735	2.676	0.755	0.741	0.707	0.813
56016	19	0.876	0.855	0.43	0.476	2.484	2.646	0.652	0.698	0.694	0.727
56016	20	0.878	0.867	0.579	0.6	2.879	2.95	0.802	0.783	0.797	0.813
56016	21	0.872	0.802	0.465	0.524	2.588	2.865	0.753	0.859	0.731	0.828
56016	22	0.877	0.842	0.405	0.467	2.407	2.642	0.719	0.747	0.746	0.741
56016	23	0.89	0.853	0.346	0.395	2.21	2.413	0.623	0.713	0.625	0.681
56016	24	0.808	0.708	0.459	0.518	2.671	3.034	0.773	0.756	0.753	0.774
56016	25	0.583	0.878	0.459	0.479	3.147	2.618	0.724	0.71	0.773	0.753
56016	26	0.678	0.859	0.487	0.525	3.005	2.772	0.8	0.755	0.755	0.823
56016	27	0.89	0.844	0.509	0.439	2.682	2.556	0.764	0.751	0.754	0.787
56016	28	0.881	0.88	0.514	0.483	2.708	2.627	0.755	0.773	0.824	0.728
56016	29	0.886	0.885	0.447	0.461	2.518	2.559	0.675	0.736	0.711	0.684
56016	30	0.824	0.769	0.589	0.601	2.997	3.133	0.745	0.783	0.789	0.781
56060	1	0.882	0.852	0.586	0.547	2.889	2.84	0.838	0.786	0.797	0.829
56060	2	0.904	0.868	0.486	0.442	2.6	2.53	0.721	0.746	0.724	0.724
56060	3	0.901	0.884	0.555	0.494	2.781	2.65	0.783	0.796	0.765	0.756
56060	4	0.888	0.53	0.474	0.337	2.59	2.828	0.721	0.705	0.684	0.748
56060	5	0.734	0.804	0.654	0.595	3.344	3.048	0.837	0.813	0.782	0.717
56060	6	0.892	0.871	0.602	0.58	2.912	2.893	0.809	0.832	0.776	0.83
56060	7	0.891	0.869	0.435	0.438	2.478	2.517	0.686	0.726	0.707	0.728
56060	8	0.893	0.856	0.519	0.511	2.703	2.739	0.769	0.769	0.802	0.702
56060	9	0.889	0.884	0.588	0.568	2.884	2.841	0.816	0.793	0.848	0.775
56060	10	0.764	0.875	0.748	0.745	3.507	3.271	0.883	0.899	0.881	0.938
56060	11	0.883	0.857	0.514	0.481	2.704	2.657	0.784	0.758	0.743	0.736
56060	12	0.84	0.878	0.578	0.53	2.94	2.755	0.817	0.841	0.789	0.773
56060	13	0.897	0.886	0.505	0.454	2.659	2.539	0.734	0.762	0.733	0.713
56060	14	0.881	0.898	0.535	0.527	2.761	2.714	0.75	0.754	0.709	0.758
56060	15	0.803	0.516	0.553	0.578	2.942	3.752	0.763	0.812	0.781	0.781
56060	16	0.899	0.789	0.589	0.557	2.87	2.978	0.836	0.828	0.794	0.804
56060	17	0.893	0.777	0.563	0.56	2.816	3.01	0.797	0.808	0.774	0.836
56060	18	0.896	0.834	0.459	0.477	2.537	2.682	0.714	0.726	0.751	0.746
56060	19	0.894	0.839	0.516	0.52	2.692	2.791	0.749	0.746	0.77	0.774
56060	20	0.87	0.873	0.513	0.488	2.723	2.651	0.747	0.738	0.683	0.736
56060	21	0.891	0.83	0.468	0.441	2.57	2.585	0.733	0.746	0.692	0.683
56060	22	0.871	0.816	0.585	0.57	2.906	2.962	0.825	0.816	0.822	0.839
56060	23	0.852	0.832	0.517	0.556	2.763	2.897	0.776	0.797	0.789	0.796
56060	24	0.879	0.864	0.602	0.616	2.934	2.994	0.839	0.766	0.856	0.789
56060	25	0.874	0.767	0.416	0.441	2.445	2.688	0.662	0.662	0.703	0.672
56060	26	0.862	0.832	0.524	0.515	2.763	2.788	0.769	0.801	0.771	0.802
56060	27	0.868	0.84	0.6	0.586	2.949	2.961	0.789	0.86	0.795	0.84
56060	28	0.89	0.825	0.5	0.477	2.658	2.694	0.738	0.753	0.755	0.707
56060	29	0.853	0.858	0.623	0.656	3.03	3.101	0.82	0.82	0.822	0.887
56060	30	0.789	0.688	0.738	0.692	3.429	3.555	0.881	0.861	0.804	0.85
56086	1	0.82	0.872	0.444	0.381	2.61	2.342	0.666	0.694	0.686	0.708
56086	2	0.825	0.89	0.594	0.478	3.009	2.599	0.759	0.779	0.808	0.732
56086	3	0.816	0.904	0.578	0.525	2.982	2.702	0.732	0.749	0.758	0.794
56086	4	0.836	0.886	0.706	0.623	3.258	2.973	0.858	0.81	0.831	0.846
56086	5	0.817	0.88	0.627	0.521	3.104	2.727	0.796	0.73	0.747	0.758
56086	6	0.87	0.796	0.379	0.489	2.34	2.777	0.677	0.694	0.747	0.743
56086	7	0.715	0.833	0.428	0.352	5.6	2.305	0.771	0.708	0.725	0.678
56086	8	0.557	0.866	0.345	0.282	4.598	2.022	0.661	0.624	0.635	0.612
56086	9	0.89	0.882	0.47	0.39	2.575	2.359	0.724	0.765	0.732	0.724
56086	10	0.716	0.81	0.651	0.532	3.379	2.873	0.803	0.867	0.875	0.823
56086	11	0.861	0.896	0.452	0.345	2.569	2.201	0.665	0.649	0.643	0.676
56086	12	0.84	0.893	0.462	0.407	2.63	2.393	0.718	0.692	0.723	0.716
56086	13	0.838	0.889	0.463	0.426	2.634	2.453	0.708	0.683	0.681	0.687
56086	14	0.815	0.89	0.482	0.473	2.726	2.586	0.724	0.687	0.71	0.733
56086	15	0.871	0.883	0.335	0.442	2.199	2.509	0.64	0.704	0.692	0.707
56086	16	0.855	0.699	0.406	0.528	2.444	3.08	0.677	0.727	0.765	0.781
56086	17	0.89	0.892	0.525	0.45	5.606	2.518	0.814	0.838	0.799	0.785
56086	18	0.962	0.884	0.605	0.471	6.395	2.588	0.85	0.73	0.833	0.779
56086	19	0.901	0.889	0.505	0.417	2.655	2.428	0.745	0.816	0.793	0.731
56086	20	0.846	0.899	0.495	0.464	2.711	2.547	0.765	0.782	0.8	0.8
56086	21	0.82	0.719	0.5	0.411	2.769	2.681	0.694	0.677	0.719	0.71
56086	22	0.816	0.881	0.426	0.357	2.562	2.258	0.701	0.626	0.647	0.656
56086	23	0.822	0.885	0.646	0.554	3.141	2.805	0.824	0.78	0.819	0.76
56086	24	0.819	0.885	0.578	0.519	2.977	2.715	0.789	0.787	0.775	0.761
56086	25	0.888	0.829	0.466	0.54	2.569	2.862	0.771	0.754	0.753	0.814
56086	26	0.898	0.522	0.355	0.47	2.231	3.363	0.668	0.687	0.681	0.707
56086	27	0.648	0.806	0.377	0.327	4.591	2.259	0.687	0.68	0.662	0.637
56086	28	0.648	0.89	0.434	0.344	5.15	2.204	0.726	0.664	0.702	0.687
56086	29	0.875	0.886	0.607	0.54	2.953	2.766	0.828	0.889	0.906	0.783
56086	30	0.735	0.768	0.706	0.618	3.475	3.18	0.795	0.863	0.863	0.824
56088	1	0.905	0.871	0.343	0.378	2.183	2.335	0.633	0.649	0.659	0.715
56088	2	0.899	0.864	0.367	0.402	2.266	2.419	0.66	0.665	0.677	0.716
56088	3	0.873	0.879	0.346	0.394	2.23	2.375	0.633	0.627	0.683	0.653
56088	4	0.893	0.879	0.349	0.409	2.217	2.419	0.627	0.614	0.672	0.679
56088	5	0.492	0.861	0.373	0.476	3.086	2.636	0.61	0.606	0.739	0.694
56088	6	0.889	0.883	0.377	0.407	2.308	2.406	0.662	0.674	0.685	0.685
56088	7	0.853	0.851	0.432	0.488	2.524	2.686	0.709	0.753	0.777	0.718
56088	8	0.849	0.898	0.438	0.493	2.547	2.628	0.722	0.689	0.725	0.716
56088	9	0.887	0.873	0.481	0.535	2.611	2.775	0.749	0.717	0.721	0.815
56088	10	0.815	0.831	0.464	0.474	2.675	2.678	0.736	0.732	0.697	0.737
56088	11	0.896	0.862	0.327	0.37	2.143	2.322	0.627	0.643	0.688	0.623
56088	12	0.885	0.774	0.365	0.38	2.275	2.483	0.644	0.677	0.672	0.694
56088	13	0.891	0.813	0.352	0.392	2.228	2.462	0.66	0.633	0.688	0.648
56088	14	0.897	0.834	0.377	0.425	2.298	2.531	0.687	0.649	0.705	0.649
56088	15	0.665	0.896	0.352	0.399	2.58	2.367	0.611	0.622	0.649	0.638
56088	16	0.788	0.867	0.322	0.347	2.266	2.242	0.608	0.646	0.621	0.631
56088	17	0.755	0.887	0.338	0.379	2.37	2.318	0.639	0.631	0.655	0.66
56088	18	0.845	0.877	0.367	0.387	2.335	2.354	0.654	0.654	0.645	0.671
56088	19	0.875	0.888	0.396	0.43	2.384	2.468	0.662	0.673	0.685	0.719
56088	20	0.758	0.89	0.46	0.487	2.761	2.62	0.717	0.688	0.69	0.743
56088	21	0.874	0.853	0.334	0.38	2.191	2.366	0.671	0.649	0.662	0.666
56088	22	0.857	0.784	0.301	0.33	2.102	2.298	0.6	0.627	0.614	0.637
56088	23	0.846	0.798	0.403	0.436	2.446	2.621	0.731	0.682	0.687	0.73
56088	24	0.863	0.805	0.365	0.389	2.304	2.465	0.638	0.633	0.681	0.68
56088	25	0.807	0.744	0.379	0.418	2.429	2.658	0.654	0.672	0.7	0.675
56088	26	0.906	0.871	0.267	0.28	1.925	2.009	0.584	0.561	0.596	0.544
56088	27	0.881	0.862	0.453	0.476	2.541	2.634	0.701	0.756	0.737	0.778
56088	28	0.873	0.825	0.317	0.37	2.137	2.374	0.674	0.527	0.615	0.675
56088	29	0.891	0.857	0.392	0.428	2.351	2.505	0.67	0.678	0.703	0.694
56088	30	0.763	0.8	0.357	0.353	2.423	2.355	0.647	0.566	0.528	0.648
56090	1	0.654	0.881	0.308	0.35	2.435	2.234	0.637	0.582	0.604	0.607
56090	2	0.83	0.851	0.435	0.492	2.566	2.696	0.708	0.651	0.689	0.755
56090	3	0.842	0.872	0.342	0.406	2.259	2.421	0.637	0.647	0.631	0.653
56090	4	0.833	0.87	0.375	0.421	2.38	2.467	0.667	0.627	0.641	0.625
56090	5	0.873	0.821	0.339	0.348	2.209	2.309	0.631	0.69	0.593	0.614
56090	6	0.798	0.87	0.321	0.336	2.247	2.204	0.591	0.657	0.555	0.651
56090	7	0.82	0.808	0.383	0.417	2.424	2.547	0.729	0.631	0.644	0.671
56090	8	0.814	0.888	0.466	0.528	2.682	2.733	0.756	0.67	0.741	0.684
56090	9	0.857	0.89	0.429	0.405	2.507	2.39	0.652	0.709	0.671	0.669
56090	10	0.853	0.874	0.447	0.427	2.566	2.477	0.71	0.658	0.667	0.667
56090	11	0.686	0.847	0.441	0.532	2.842	2.81	0.736	0.771	0.704	0.777
56090	12	0.887	0.842	0.335	0.431	2.178	2.536	0.691	0.602	0.625	0.675
56090	13	0.813	0.788	0.43	0.471	2.578	2.74	0.723	0.686	0.666	0.711
56090	14	0.847	0.872	0.445	0.524	2.568	2.747	0.794	0.652	0.667	0.741
56090	15	0.789	0.528	0.468	0.509	2.732	3.483	0.736	0.795	0.703	0.76
56090	16	0.786	0.756	0.358	0.466	2.394	2.783	0.756	0.624	0.687	0.728
56090	17	0.775	0.854	0.323	0.342	2.289	2.242	0.637	0.65	0.548	0.616
56090	18	0.851	0.882	0.296	0.301	2.089	2.07	0.611	0.565	0.551	0.556
56090	19	0.83	0.853	0.388	0.357	2.424	2.295	0.697	0.637	0.641	0.613
56090	20	0.862	0.881	0.454	0.428	2.573	2.473	0.743	0.664	0.685	0.649
56090	21	0.774	0.835	0.362	0.42	2.423	2.514	0.701	0.628	0.608	0.658
56090	22	0.87	0.826	0.282	0.313	2.017	2.183	0.547	0.627	0.521	0.601
56090	23	0.887	0.855	0.388	0.41	2.345	2.456	0.692	0.647	0.616	0.675
56090	24	0.89	0.894	0.321	0.344	2.128	2.2	0.637	0.577	0.631	0.535
56090	25	0.871	0.886	0.379	0.439	2.338	2.495	0.723	0.67	0.622	0.708
56090	26	0.846	0.884	0.259	0.302	1.963	2.072	0.599	0.527	0.563	0.571
56090	27	0.854	0.871	0.381	0.437	2.367	2.512	0.632	0.711	0.637	0.671
56090	28	0.827	0.877	0.385	0.356	2.42	2.258	0.65	0.696	0.614	NA
56090	29	0.826	0.884	0.337	0.338	2.265	2.193	0.667	0.559	0.604	1.219
56090	30	0.823	0.739	0.402	0.383	2.478	2.553	0.637	0.657	0.627	0.638
56095	1	0.778	0.852	0.452	0.38	2.701	2.369	0.608	0.567	0.697	0.686
56095	2	0.753	0.853	0.445	0.388	2.725	2.392	0.552	0.527	0.689	0.702
56095	3	0.758	0.846	0.522	0.406	2.941	2.454	0.586	0.626	0.669	0.729
56095	4	0.585	0.762	0.82	0.602	4.196	3.151	0.702	0.695	0.823	0.771
56095	5	0.639	0.78	0.52	0.441	3.196	2.665	0.62	0.621	0.589	0.58
56095	6	0.717	0.801	0.686	0.764	3.467	3.464	0.738	0.682	0.797	0.781
56095	7	0.723	0.755	0.492	0.354	2.925	2.426	0.67	0.603	0.688	0.602
56095	8	0.681	0.8	0.382	0.264	2.657	2.036	0.563	0.579	0.571	0.618
56095	9	0.7	0.811	0.482	0.328	2.941	2.254	0.627	0.651	0.675	0.647
56095	10	0.578	0.782	0.648	0.382	3.756	2.478	0.675	0.682	0.718	0.652
56095	11	0.756	0.867	0.492	0.43	2.86	2.497	0.617	0.65	0.737	0.737
56095	12	0.752	0.869	0.498	0.452	2.885	2.558	0.662	0.658	0.725	0.775
56095	13	0.83	0.829	0.501	0.476	2.753	2.686	0.641	0.66	0.739	0.771
56095	14	0.747	0.797	0.649	0.538	3.305	2.913	0.681	0.658	0.76	0.785
56095	15	0.772	0.762	0.593	0.512	3.108	2.904	0.735	0.735	0.651	0.658
56095	16	0.703	0.814	0.408	0.39	2.702	2.455	0.565	0.556	0.514	0.601
56095	17	0.72	0.792	0.393	0.267	2.618	2.06	0.563	0.575	0.569	0.619
56095	18	0.77	0.8	0.488	0.334	2.82	2.293	0.724	0.644	0.657	0.759
56095	19	0.729	0.808	0.602	0.384	3.219	2.445	0.777	0.71	0.739	0.643
56095	20	0.674	0.798	0.666	0.373	3.524	2.425	0.754	0.619	0.677	0.664
56095	21	0.724	0.835	0.599	0.491	3.224	2.717	0.675	0.634	0.74	0.802
56095	22	0.764	0.85	0.519	0.457	2.923	2.6	0.62	0.612	0.741	0.74
56095	23	0.691	0.833	0.401	0.376	2.702	2.381	0.528	0.536	0.642	0.674
56095	24	0.778	0.81	0.49	0.423	2.814	2.562	0.597	0.498	0.643	0.692
56095	25	0.702	0.729	0.562	0.51	3.169	2.965	0.712	0.669	0.596	0.667
56095	26	0.646	0.676	0.435	0.456	2.909	2.91	0.574	0.548	0.583	0.62
56095	27	0.744	0.773	0.418	0.302	2.657	2.216	0.565	0.603	0.584	0.536
56095	28	0.732	0.837	0.474	0.345	2.851	2.276	0.682	0.603	0.677	0.66
56095	29	0.732	0.761	0.514	0.351	2.97	2.407	0.667	0.643	0.666	0.646
56095	30	0.649	0.748	0.801	0.468	3.938	2.806	0.754	0.643	0.736	0.68
56123	1	0.789	0.869	0.462	0.513	2.713	2.723	0.765	0.707	0.77	0.783
56123	2	0.643	0.892	0.363	0.425	2.664	2.448	0.704	0.61	0.72	0.707
56123	3	0.613	0.851	0.483	0.53	3.147	2.796	0.845	0.887	0.753	0.814
56123	4	0.82	0.801	0.514	0.56	2.806	2.964	0.897	0.841	0.817	0.805
56123	5	0.817	0.661	0.699	0.766	3.281	3.816	0.961	0.977	0.938	0.789
56123	6	0.811	0.884	0.708	0.521	3.314	2.723	0.843	0.862	0.79	0.781
56123	7	0.79	0.566	0.605	0.537	3.102	3.452	0.864	0.834	0.805	0.726
56123	8	0.89	0.875	0.598	0.496	2.906	2.668	0.828	0.854	0.736	0.785
56123	9	0.889	0.886	0.695	0.58	3.135	2.868	0.886	0.861	0.79	0.831
56123	10	0.756	0.764	0.555	0.477	3.038	2.801	0.821	0.728	0.72	0.786
56123	11	0.763	0.899	0.305	0.368	2.24	2.266	0.627	0.563	0.646	0.639
56123	12	0.756	0.884	0.274	0.31	2.134	2.101	0.554	0.554	0.62	0.616
56123	13	0.661	0.872	0.427	0.434	2.848	2.5	0.872	0.756	0.657	0.748
56123	14	0.895	0.841	0.436	0.454	2.475	2.606	0.872	0.799	0.717	0.777
56123	15	0.866	0.786	0.667	0.667	3.111	3.267	0.903	0.876	0.808	0.763
56123	16	0.409	0.888	0.622	0.504	4.371	2.671	0.846	0.866	0.79	0.733
56123	17	0.903	0.885	0.558	0.45	2.787	2.529	0.803	0.827	0.744	0.701
56123	18	0.897	0.887	0.625	0.524	2.96	2.724	0.9	0.808	0.836	0.727
56123	19	0.864	0.871	0.62	0.511	3.003	2.715	0.895	0.788	0.733	0.777
56123	20	0.81	0.663	0.665	0.544	3.213	3.211	0.77	0.893	0.762	0.711
56123	21	0.75	0.875	0.306	0.353	2.265	2.25	0.602	0.563	0.671	0.652
56123	22	0.615	0.885	0.427	0.45	2.954	2.527	0.692	0.702	0.736	0.715
56123	23	0.588	0.896	0.363	0.398	2.783	2.361	0.778	0.744	0.706	0.654
56123	24	0.869	0.787	0.531	0.526	2.771	2.898	0.892	0.88	0.776	0.741
56123	25	0.809	0.741	0.503	0.527	2.797	2.989	0.805	0.765	0.697	0.724
56123	26	0.792	0.905	0.427	0.304	2.602	2.056	0.623	0.636	0.57	0.615
56123	27	0.61	0.871	0.602	0.522	3.521	2.745	0.773	0.881	0.731	0.821
56123	28	0.879	0.884	0.4	0.34	2.391	2.2	0.672	0.671	0.58	0.6
56123	29	0.634	0.84	0.482	0.386	3.092	2.402	0.678	0.679	0.621	0.688
56123	30	0.756	0.785	0.565	0.456	3.063	2.703	0.754	0.68	0.624	0.668
56126	1	0.738	0.883	0.4	0.377	2.611	2.315	0.673	0.685	0.657	0.704
56126	2	0.898	0.88	0.416	0.376	2.412	2.317	0.689	0.665	0.659	0.675
56126	3	0.875	0.875	0.578	0.531	2.879	2.762	0.761	0.825	0.775	0.794
56126	4	0.885	0.87	0.493	0.47	2.645	2.606	0.697	0.753	0.743	0.723
56126	5	0.861	0.848	0.456	0.44	2.58	2.554	0.685	0.621	0.682	0.655
56126	6	0.876	0.879	0.489	0.483	2.649	2.628	0.727	0.754	0.734	0.72
56126	7	0.883	0.872	0.467	0.473	2.578	2.611	0.75	0.648	0.738	0.743
56126	8	0.885	0.862	0.58	0.56	2.87	2.856	0.801	0.779	0.806	0.774
56126	9	0.886	0.878	0.528	0.523	2.736	2.735	0.786	0.777	0.781	0.768
56126	10	0.829	0.866	0.495	0.459	2.739	2.58	0.711	0.715	0.679	0.669
56126	11	0.851	0.705	0.513	0.471	2.752	2.898	0.737	0.761	0.744	0.731
56126	12	0.795	0.894	0.408	0.397	2.541	2.363	0.681	0.669	0.681	0.663
56126	13	0.831	0.822	0.402	0.375	2.465	2.395	0.681	0.681	0.662	0.672
56126	14	0.871	0.853	0.389	0.357	2.37	2.293	0.633	0.661	0.623	0.662
56126	15	0.887	0.775	0.483	0.461	2.614	2.733	0.698	0.713	0.71	0.682
56126	16	0.879	0.858	0.334	0.359	2.186	2.292	0.613	0.625	0.629	0.655
56126	17	0.894	0.857	0.423	0.449	2.439	2.566	0.707	0.676	0.721	0.75
56126	18	0.879	0.778	0.458	0.457	2.56	2.718	0.73	0.656	0.748	0.708
56126	19	0.819	0.207	0.434	0.305	2.58	4.306	0.633	0.742	0.75	0.711
56126	20	0.884	0.826	0.479	0.45	2.609	2.616	0.707	0.711	0.693	0.693
56126	21	0.901	0.825	0.402	0.374	2.368	2.386	0.686	0.631	0.686	0.689
56126	22	0.885	0.86	0.334	0.323	2.177	2.172	0.611	0.623	0.624	0.634
56126	23	0.885	0.844	0.509	0.482	2.689	2.68	0.749	0.737	0.735	0.752
56126	24	0.888	0.859	0.458	0.442	2.546	2.544	0.717	0.657	0.722	0.704
56126	25	0.675	0.793	0.534	0.41	3.154	2.55	0.614	0.693	0.692	0.632
56126	26	0.907	0.855	0.441	0.439	2.473	2.542	0.699	0.723	0.72	0.723
56126	27	0.893	0.769	0.479	0.476	2.597	2.787	0.723	0.758	0.739	0.712
56126	28	0.873	0.824	0.532	0.525	2.767	2.828	0.762	0.762	0.756	0.77
56126	29	0.867	0.864	0.46	0.489	2.582	2.669	0.652	0.715	0.757	0.678
56126	30	0.777	0.858	0.477	0.472	2.778	2.631	0.68	0.691	0.689	0.761
56137	1	0.888	0.839	0.457	0.801	2.544	3.463	0.738	0.789	0.726	0.803
56137	2	0.874	0.86	0.451	0.735	2.545	3.278	0.769	0.733	0.706	0.744
56137	3	0.875	0.852	0.395	0.709	2.383	3.235	0.698	0.662	0.714	0.718
56137	4	0.814	0.856	0.619	1.038	3.092	3.903	0.85	0.856	0.84	0.878
56137	5	0.884	0.833	0.537	0.637	2.762	3.1	0.866	0.756	0.722	0.835
56137	6	0.8	0.798	0.434	0.558	2.61	2.964	0.694	0.694	0.675	0.763
56137	7	0.861	0.796	0.411	0.506	2.45	2.826	0.674	0.701	0.654	0.625
56137	8	0.787	0.607	0.419	0.572	2.586	3.442	0.657	0.686	0.691	0.657
56137	9	0.894	0.849	0.38	0.442	2.312	2.558	0.729	0.686	0.718	0.731
56137	10	0.89	0.862	0.371	0.419	2.288	2.471	0.65	0.686	0.657	0.722
56137	11	0.847	0.873	0.49	0.804	2.696	3.401	0.764	0.845	0.791	0.794
56137	12	0.892	0.811	0.386	0.648	2.333	3.169	0.667	0.744	0.677	0.726
56137	13	0.886	0.881	0.282	0.458	2.001	2.558	0.596	0.611	0.573	0.584
56137	14	0.819	0.861	0.447	0.766	2.618	3.343	0.759	0.693	0.751	0.744
56137	15	0.875	0.853	0.432	0.502	2.49	2.72	0.743	0.688	0.691	0.716
56137	16	0.838	0.864	0.351	0.383	2.296	2.36	0.605	0.674	0.635	0.539
56137	17	0.881	0.799	0.328	0.385	2.162	2.461	0.612	0.598	0.618	0.56
56137	18	0.881	0.827	0.434	0.495	2.489	2.742	0.758	0.747	0.764	0.761
56137	19	0.841	0.693	0.304	0.339	2.13	2.48	0.604	0.636	0.648	0.627
56137	20	0.894	0.845	0.399	0.424	2.368	2.511	0.718	0.69	0.693	0.715
56137	21	0.889	0.872	0.526	0.825	2.728	3.448	0.835	0.815	0.773	0.792
56137	22	0.877	0.895	0.533	0.819	2.763	3.391	0.845	0.835	0.778	0.814
56137	23	0.777	0.865	0.431	0.667	2.641	3.113	0.728	0.759	0.669	0.754
56137	24	0.745	0.893	0.609	0.957	3.205	3.67	0.856	0.835	0.863	0.851
56137	25	0.866	0.861	0.446	0.444	2.544	2.546	0.729	0.722	0.686	0.655
56137	26	0.777	0.856	0.406	0.466	2.563	2.614	0.708	0.681	0.665	0.665
56137	27	0.869	0.825	0.393	0.424	2.384	2.543	0.646	0.674	0.644	0.603
56137	28	0.893	0.663	0.282	0.289	1.991	2.342	0.586	0.614	0.566	0.611
56137	29	0.894	0.766	0.27	0.323	1.947	2.302	0.55	0.614	0.645	0.594
56137	30	0.902	0.83	0.378	0.441	2.295	2.583	0.657	0.679	0.708	0.725
56140	1	0.855	0.797	0.644	0.657	3.077	3.218	0.859	0.88	0.916	0.876
56140	2	0.897	0.805	0.425	0.436	2.44	2.61	0.708	0.729	0.722	0.723
56140	3	0.87	0.841	0.481	0.485	2.637	2.691	0.776	0.719	0.783	0.746
56140	4	0.815	0.859	0.465	0.455	2.676	2.581	0.755	0.719	0.691	0.726
56140	5	0.706	0.748	0.482	0.453	2.929	2.758	0.734	0.703	0.691	0.675
56140	6	0.837	0.869	0.43	0.45	2.54	2.55	0.644	0.718	0.722	0.739
56140	7	0.82	0.883	0.37	0.367	2.38	2.283	0.611	0.648	0.671	0.591
56140	8	0.881	0.872	0.473	0.479	2.598	2.626	0.699	0.709	0.718	0.737
56140	9	0.871	0.885	0.495	0.479	2.672	2.61	0.745	0.713	0.758	0.675
56140	10	0.732	0.727	0.387	0.371	2.576	2.533	0.615	0.655	0.606	0.589
56140	11	0.901	0.805	0.449	0.473	2.501	2.718	0.729	0.771	0.764	0.734
56140	12	0.89	0.845	0.41	0.42	2.405	2.499	0.703	0.688	0.714	0.704
56140	13	0.855	0.843	0.386	0.402	2.382	2.447	0.636	0.729	0.732	0.679
56140	14	0.89	0.858	0.398	0.396	2.37	2.408	0.62	0.677	0.701	0.612
56140	15	0.856	0.835	0.421	0.436	2.488	2.56	0.672	0.677	0.689	0.654
56140	16	0.817	0.875	0.413	0.436	2.52	2.503	0.669	0.687	0.717	0.712
56140	17	0.78	0.881	0.398	0.426	2.533	2.465	0.651	0.691	0.687	0.719
56140	18	0.833	0.79	0.458	0.46	2.63	2.705	0.741	0.648	0.755	0.674
56140	19	0.892	0.879	0.489	0.47	2.625	2.591	0.703	0.724	0.685	0.758
56140	20	0.617	0.861	0.408	0.344	2.882	2.242	0.603	0.639	0.56	0.635
56140	21	0.895	0.879	0.355	0.367	2.233	2.29	0.635	0.646	0.691	0.653
56140	22	0.889	0.864	0.385	0.375	2.333	2.335	0.667	0.661	0.724	0.654
56140	23	0.873	0.607	0.471	0.454	2.606	3.064	0.729	0.703	0.719	0.762
56140	24	0.897	0.829	0.41	0.394	2.395	2.444	0.714	0.672	0.665	0.702
56140	25	0.832	0.817	0.443	0.454	2.586	2.643	0.646	0.724	0.706	0.75
56140	26	0.887	0.882	0.475	0.477	2.596	2.608	0.755	0.701	0.767	0.702
56140	27	0.812	0.88	0.37	0.392	2.395	2.367	0.69	0.556	0.691	0.672
56140	28	0.817	0.848	0.443	0.455	2.612	2.596	0.636	0.749	0.762	0.695
56140	29	0.874	0.881	0.429	0.41	2.482	2.419	0.687	0.651	0.717	0.626
56140	30	0.645	0.734	0.549	0.497	3.27	2.916	0.709	0.713	0.723	0.721
56172	1	0.828	0.879	0.418	0.4	2.52	2.392	0.672	0.673	0.712	0.71
56172	2	0.867	0.869	0.476	0.454	2.628	2.562	0.75	0.719	0.734	0.756
56172	3	0.881	0.891	0.434	0.419	2.488	2.432	0.711	0.669	0.74	0.663
56172	4	0.878	0.874	0.487	0.465	2.64	2.584	0.769	0.657	0.763	0.688
56172	5	0.607	0.689	0.587	0.56	3.489	3.197	0.777	0.727	0.76	0.756
56172	6	0.746	0.887	0.392	0.382	2.57	2.326	0.675	0.634	0.656	0.648
56172	7	0.873	0.883	0.341	0.367	2.216	2.287	0.66	0.589	0.678	0.636
56172	8	0.882	0.888	0.425	0.429	2.462	2.465	0.679	0.743	0.719	0.691
56172	9	0.829	0.888	0.339	0.352	2.267	2.23	0.638	0.604	0.629	0.645
56172	10	0.729	0.767	0.422	0.425	2.696	2.638	0.668	0.698	0.68	0.658
56172	11	0.845	0.832	0.446	0.43	2.575	2.548	0.742	0.7	0.737	0.709
56172	12	0.745	0.808	0.356	0.352	2.451	2.34	0.592	0.669	0.674	0.642
56172	13	0.695	0.852	0.43	0.433	2.787	2.528	0.735	0.649	0.742	0.69
56172	14	0.853	0.877	0.405	0.372	2.443	2.309	0.677	0.646	0.653	0.615
56172	15	0.797	0.606	0.417	0.441	2.564	3.023	0.642	0.649	0.642	0.686
56172	16	0.872	0.884	0.402	0.41	2.408	2.415	0.671	0.705	0.687	0.715
56172	17	0.89	0.841	0.341	0.356	2.195	2.306	0.611	0.66	0.625	0.672
56172	18	0.875	0.83	0.355	0.374	2.257	2.379	0.664	0.615	0.637	0.68
56172	19	0.821	0.866	0.435	0.451	2.58	2.557	0.675	0.739	0.667	0.765
56172	20	0.857	0.874	0.443	0.475	2.549	2.613	0.724	0.709	0.699	0.73
56172	21	0.898	0.877	0.321	0.297	2.119	2.064	0.584	0.603	0.579	0.62
56172	22	0.837	0.897	0.373	0.355	2.367	2.23	0.653	0.673	0.652	0.675
56172	23	0.718	0.857	0.411	0.4	2.683	2.422	0.692	0.642	0.717	0.702
56172	24	0.722	0.85	0.363	0.34	2.515	2.241	0.61	0.657	0.603	0.647
56172	25	0.825	0.831	0.446	0.426	2.606	2.537	0.657	0.723	0.662	0.709
56172	26	0.829	0.877	0.46	0.465	2.642	2.581	0.684	0.786	0.707	0.732
56172	27	0.794	0.888	0.41	0.419	2.547	2.435	0.72	0.705	0.665	0.719
56172	28	0.81	0.863	0.42	0.43	2.552	2.502	0.716	0.686	0.692	0.73
56172	29	0.825	0.868	0.434	0.437	2.571	2.515	0.705	0.724	0.711	0.699
56172	30	0.802	0.769	0.461	0.425	2.686	2.636	0.698	0.758	0.692	0.625
56173	1	0.888	0.636	0.607	0.377	2.93	2.729	0.836	0.851	0.832	0.829
56173	2	0.885	0.695	0.481	0.28	2.615	2.25	0.757	0.716	0.74	0.744
56173	3	0.869	0.883	0.667	0.641	3.106	3.022	0.91	0.845	0.875	0.835
56173	4	0.879	0.88	0.591	0.56	2.907	2.829	0.81	0.798	0.805	0.785
56173	5	0.579	0.6	0.531	0.531	3.394	3.335	0.718	0.699	0.724	0.671
56173	6	0.891	0.872	0.612	0.553	2.938	2.822	0.769	0.805	0.8	0.907
56173	7	0.767	0.905	0.638	0.553	3.234	2.772	0.828	0.769	0.869	0.8
56173	8	0.841	0.872	0.668	0.612	3.16	2.97	0.828	0.806	0.932	0.854
56173	9	0.889	0.89	0.561	0.499	2.816	2.654	0.726	0.774	0.842	0.78
56173	10	0.9	0.736	0.539	0.497	2.744	2.914	0.726	0.711	0.781	0.751
56173	11	0.876	0.842	0.498	0.475	2.674	2.663	0.71	0.786	0.783	0.731
56173	12	0.861	0.724	0.539	0.504	2.806	2.958	0.763	0.822	0.805	0.769
56173	13	0.873	0.858	0.493	0.497	2.664	2.698	0.757	0.757	0.768	0.767
56173	14	0.816	0.855	0.586	0.568	3.003	2.891	0.81	0.78	0.853	0.782
56173	15	0.559	0.653	0.702	0.665	3.971	3.578	0.886	0.863	0.82	0.84
56173	16	0.847	0.864	0.57	0.523	2.907	2.758	0.763	0.774	0.787	0.882
56173	17	0.757	0.879	0.441	0.377	2.706	2.322	0.693	0.65	0.717	0.711
56173	18	0.622	0.875	0.506	0.478	3.197	2.619	0.747	0.676	0.778	0.785
56173	19	0.807	0.867	0.575	0.518	2.993	2.741	0.763	0.758	0.801	0.846
56173	20	0.885	0.793	0.631	0.613	2.993	3.117	0.736	0.812	0.852	0.892
56173	21	0.888	0.777	0.503	0.525	2.67	2.914	0.786	0.716	0.763	0.812
56173	22	0.858	0.788	0.461	0.48	2.599	2.766	0.716	0.763	0.748	0.778
56173	23	0.833	0.792	0.574	0.595	2.943	3.074	0.804	0.81	0.803	0.903
56173	24	0.882	0.84	0.414	0.419	2.429	2.504	0.704	0.663	0.687	0.729
56173	25	0.728	0.622	0.554	0.587	3.092	3.444	0.798	0.757	0.781	0.785
56173	26	0.868	0.845	0.6	0.557	2.948	2.878	0.72	0.828	0.825	0.885
56173	27	0.813	0.821	0.54	0.478	2.888	2.704	0.715	0.779	0.717	0.803
56173	28	0.763	0.793	0.537	0.518	2.972	2.866	0.736	0.763	0.833	0.778
56173	29	0.775	0.834	0.584	0.551	3.077	2.88	0.763	0.747	0.836	0.848
56173	30	0.781	0.676	0.579	0.585	3.052	3.3	0.731	0.726	0.826	0.806
56176	1	0.856	0.847	0.85	0.468	3.534	2.636	0.736	0.743	0.723	0.792
56176	2	0.791	0.817	0.93	0.484	3.844	2.728	0.765	0.772	0.776	0.776
56176	3	0.848	0.795	0.927	0.504	3.706	2.822	0.791	0.717	0.738	0.743
56176	4	0.884	0.656	0.914	0.553	3.604	3.254	0.808	0.706	0.728	0.769
56176	5	0.878	NA	0.546	NA	2.797	NA	0.827	0.767	0.586	0.859
56176	6	0.891	0.773	0.62	0.612	2.958	3.155	0.867	0.814	0.772	0.879
56176	7	0.899	0.826	0.506	0.545	2.659	2.879	0.822	0.774	0.711	0.807
56176	8	0.889	0.852	0.545	0.561	2.775	2.876	0.752	0.804	0.639	0.748
56176	9	0.885	0.893	0.556	0.561	2.809	2.81	0.756	0.78	0.684	0.759
56176	10	0.693	0.825	0.567	0.563	3.207	2.928	0.808	0.774	0.755	0.824
56176	11	0.789	0.868	0.787	0.425	3.541	2.482	0.732	0.703	0.708	0.738
56176	12	0.779	0.797	0.848	0.474	3.699	2.732	0.765	0.715	0.767	0.735
56176	13	0.815	0.709	0.938	0.504	3.803	2.989	0.815	0.752	0.727	0.793
56176	14	0.874	0.808	0.94	0.509	3.675	2.814	0.782	0.698	0.725	0.783
56176	15	0.894	0.653	0.541	0.521	2.757	3.168	0.805	0.768	0.778	0.803
56176	16	0.893	0.659	0.505	0.472	2.664	3	0.787	0.762	0.757	0.799
56176	17	0.896	0.855	0.396	0.445	2.357	2.556	0.666	0.698	0.697	0.748
56176	18	0.831	0.875	0.502	0.54	2.755	2.785	0.777	0.738	0.784	0.735
56176	19	0.333	0.813	0.356	0.434	3.664	2.591	0.684	0.672	0.693	0.705
56176	20	0.885	0.877	0.501	0.525	2.668	2.742	0.732	0.722	0.777	0.749
56176	21	0.883	0.895	0.807	0.429	3.388	2.455	0.7	0.752	0.712	0.724
56176	22	0.892	0.895	0.806	0.399	3.37	2.369	0.721	0.702	0.703	0.682
56176	23	0.854	0.876	0.696	0.379	3.199	2.331	0.639	0.668	0.653	0.679
56176	24	0.847	0.806	0.712	0.394	3.25	2.479	0.682	0.637	0.626	0.683
56176	25	0.778	0.699	0.945	0.375	3.907	2.598	0.732	0.662	0.726	0.704
56176	26	0.897	0.811	0.44	0.406	2.482	2.508	0.725	0.644	0.775	0.815
56176	27	0.895	0.768	0.421	0.466	2.432	2.762	0.768	0.717	0.625	0.717
56176	28	0.878	0.762	0.416	0.424	2.441	2.646	0.686	0.675	0.657	0.699
56176	29	0.895	0.845	0.342	0.385	2.189	2.394	0.613	0.601	0.621	0.666
56176	30	0.664	0.823	0.405	0.42	2.767	2.533	0.678	0.665	0.675	0.674
56195	1	0.541	0.834	0.366	0.23	2.916	1.861	0.684	0.675	0.651	0.688
56195	2	0.858	0.829	0.373	0.215	2.339	1.805	0.693	0.64	0.656	0.667
56195	3	0.855	0.799	0.408	0.24	2.449	1.941	0.728	0.64	0.714	0.682
56195	4	0.847	0.814	0.365	0.205	2.329	1.78	0.667	0.614	0.615	0.599
56195	5	0.865	0.843	0.412	0.379	2.446	2.378	0.705	0.646	0.687	0.687
56195	6	0.893	0.749	0.311	0.286	2.09	2.19	0.601	0.564	0.626	0.583
56195	7	0.883	0.779	0.509	0.461	2.691	2.726	0.772	0.765	0.72	0.766
56195	8	0.885	0.819	0.49	0.504	2.637	2.781	0.677	0.772	0.777	0.745
56195	9	0.887	0.872	0.427	0.465	2.46	2.59	0.762	0.616	0.76	0.697
56195	10	0.89	0.802	0.365	0.365	2.27	2.39	0.619	0.626	0.642	0.601
56195	11	0.65	0.866	0.45	0.278	2.947	2.01	0.746	0.711	0.734	0.74
56195	12	0.797	0.715	0.365	0.221	2.4	1.969	0.667	0.667	0.651	0.667
56195	13	0.873	0.811	0.344	0.188	2.226	1.706	0.649	0.632	0.641	0.573
56195	14	0.83	0.89	0.395	0.239	2.447	1.838	0.649	0.649	0.678	0.668
56195	15	0.847	0.603	0.442	0.425	2.559	2.976	0.691	0.743	0.738	0.724
56195	16	0.887	0.692	0.358	0.321	2.254	2.413	0.676	0.616	0.673	0.635
56195	17	0.887	0.77	0.461	0.469	2.554	2.765	0.698	0.72	0.757	0.753
56195	18	0.854	0.788	0.432	0.434	2.52	2.629	0.735	0.677	0.737	0.738
56195	19	0.854	0.802	0.566	0.583	2.886	3.021	0.786	0.786	0.856	0.806
56195	20	0.896	0.876	0.422	0.4	2.431	2.397	0.692	0.655	0.71	0.605
56195	21	0.863	0.855	0.531	0.33	2.781	2.203	0.825	0.798	0.773	0.784
56195	22	0.862	0.722	0.372	0.223	2.33	1.967	0.675	0.667	0.677	0.647
56195	23	0.873	0.758	0.468	0.279	2.594	2.149	0.737	0.711	0.729	0.708
56195	24	0.737	0.828	0.432	0.232	2.713	1.877	0.711	0.711	0.644	0.652
56195	25	0.885	0.752	0.444	0.412	2.511	2.625	0.698	0.713	0.734	0.706
56195	26	0.875	0.788	0.437	0.446	2.506	2.667	0.728	0.668	0.751	0.707
56195	27	0.874	0.655	0.531	0.501	2.764	3.102	0.795	0.757	0.796	0.72
56195	28	0.895	0.793	0.465	0.504	2.557	2.825	0.772	0.699	0.746	0.806
56195	29	0.845	0.802	0.445	0.437	2.574	2.616	0.706	0.684	0.699	0.758
56195	30	0.765	0.73	0.496	0.459	2.852	2.809	0.699	0.75	0.717	0.701
56197	1	0.744	0.827	0.414	0.511	2.644	2.788	0.732	0.717	0.773	0.818
56197	2	0.794	0.879	0.341	0.471	2.323	2.594	0.629	0.65	0.759	0.75
56197	3	0.722	0.827	0.488	0.59	2.915	2.993	0.715	0.715	0.816	0.88
56197	4	0.625	0.751	0.616	0.662	3.52	3.328	0.694	0.737	0.748	0.826
56197	5	0.752	0.869	0.523	0.515	2.958	2.729	0.694	0.694	0.767	0.815
56197	6	0.611	0.875	0.653	0.452	3.666	2.547	0.585	0.661	0.739	0.766
56197	7	0.726	0.876	0.408	0.439	2.659	2.511	0.633	0.544	0.758	0.765
56197	8	0.714	0.885	0.566	0.571	3.155	2.848	0.722	0.689	0.841	0.915
56197	9	0.794	0.884	0.355	0.389	2.372	2.35	0.522	0.556	0.679	0.774
56197	10	0.71	0.797	0.542	0.573	3.098	3.006	0.733	0.678	0.798	0.846
56197	11	0.758	0.889	0.309	0.452	2.262	2.529	0.631	0.64	0.701	0.766
56197	12	0.76	0.889	0.281	0.407	2.156	2.399	0.521	0.585	0.689	0.711
56197	13	0.785	0.88	0.334	0.433	2.311	2.486	0.609	0.618	0.741	0.699
56197	14	0.642	0.784	0.554	0.621	3.292	3.154	0.695	0.694	0.775	0.83
56197	15	0.736	0.882	0.554	0.487	3.078	2.633	0.706	0.717	0.811	0.798
56197	16	0.706	0.869	0.563	0.435	3.167	2.508	0.619	0.667	0.735	0.745
56197	17	0.644	0.9	0.342	0.362	2.584	2.246	0.556	0.544	0.642	0.701
56197	18	0.739	0.887	0.382	0.432	2.548	2.474	0.589	0.578	0.739	0.755
56197	19	0.715	0.9	0.441	0.498	2.785	2.638	0.667	0.644	0.779	0.835
56197	20	0.786	0.889	0.512	0.559	2.86	2.812	0.7	0.689	0.843	0.745
56197	21	0.699	0.901	0.366	0.43	2.564	2.448	0.609	0.685	0.742	0.676
56197	22	0.777	0.888	0.36	0.463	2.413	2.56	0.607	0.65	0.754	0.717
56197	23	0.666	0.85	0.396	0.478	2.734	2.659	0.662	0.629	0.766	0.713
56197	24	0.734	0.809	0.464	0.499	2.819	2.786	0.6	0.609	0.724	0.692
56197	25	0.686	0.659	0.531	0.547	3.12	3.23	0.678	0.643	0.783	0.756
56197	26	0.688	0.866	0.586	0.452	3.273	2.56	0.644	0.635	0.756	0.75
56197	27	0.701	0.902	0.496	0.458	2.982	2.526	0.611	0.6	0.775	0.75
56197	28	0.68	0.896	0.496	0.495	3.027	2.633	0.667	0.656	0.793	0.749
56197	29	0.764	0.896	0.407	0.422	2.587	2.432	0.578	0.571	0.735	0.59
56197	30	0.683	0.573	0.673	0.716	3.52	3.964	0.733	0.735	0.902	0.901
56327	1	0.889	0.865	0.419	0.471	2.433	2.617	0.737	0.774	0.797	0.705
56327	2	0.877	0.883	0.442	0.499	2.518	2.666	0.796	0.758	0.776	0.781
56327	3	0.895	0.865	0.307	0.383	2.076	2.358	0.669	0.566	0.659	0.687
56327	4	0.896	0.87	0.361	0.403	2.251	2.412	0.683	0.679	0.709	0.672
56327	5	0.593	0.845	0.43	0.506	3.018	2.742	0.731	0.704	0.74	0.732
56327	6	0.886	0.723	0.467	0.415	2.573	2.685	0.809	0.696	0.793	0.753
56327	7	0.898	0.722	0.43	0.37	2.453	2.537	0.738	0.679	0.756	0.738
56327	8	0.906	0.869	0.356	0.313	2.221	2.127	0.607	0.655	0.683	0.661
56327	9	0.887	0.9	0.476	0.42	2.597	2.421	0.746	0.754	0.774	0.736
56327	10	0.819	0.641	0.445	0.42	2.615	2.869	0.754	0.677	0.713	0.722
56327	11	0.892	0.85	0.372	0.442	2.291	2.556	0.704	0.72	0.746	0.725
56327	12	0.879	0.881	0.301	0.387	2.074	2.349	0.613	0.672	0.681	0.693
56327	13	0.879	0.862	0.374	0.467	2.311	2.609	0.72	0.71	0.747	0.742
56327	14	0.893	0.889	0.273	0.35	1.96	2.224	0.586	0.613	0.621	0.643
56327	15	0.852	0.884	0.274	0.34	2.01	2.198	0.597	0.575	0.59	0.586
56327	16	0.871	0.881	0.398	0.351	2.396	2.238	0.688	0.723	0.701	0.733
56327	17	0.853	0.855	0.427	0.353	2.508	2.277	0.735	0.711	0.694	0.727
56327	18	0.838	0.863	0.433	0.388	2.549	2.377	0.727	0.746	0.756	0.712
56327	19	0.851	0.896	0.406	0.354	2.449	2.228	0.669	0.7	0.693	0.699
56327	20	0.846	0.767	0.457	0.399	2.605	2.556	0.707	0.727	0.712	0.698
56327	21	0.888	0.889	0.277	0.312	1.981	2.101	0.618	0.586	0.61	0.621
56327	22	0.903	0.842	0.304	0.399	2.057	2.439	0.651	0.624	0.681	0.696
56327	23	0.905	0.815	0.371	0.427	2.27	2.566	0.704	0.704	0.709	0.731
56327	24	0.889	0.892	0.243	0.325	1.853	2.14	0.575	0.548	0.632	0.61
56327	25	0.859	0.789	0.354	0.435	2.276	2.631	0.683	0.656	0.679	0.718
56327	26	0.891	0.899	0.413	0.348	2.415	2.205	0.684	0.731	0.727	0.712
56327	27	0.876	0.886	0.387	0.335	2.355	2.178	0.688	0.688	0.689	0.707
56327	28	0.818	0.871	0.459	0.38	2.654	2.342	0.75	0.773	0.705	0.771
56327	29	0.781	0.822	0.398	0.337	2.532	2.269	0.708	0.696	0.69	0.669
56327	30	0.814	0.764	0.395	0.357	2.471	2.425	0.642	0.669	0.673	0.638
56328	1	0.897	0.885	0.448	0.469	2.506	2.581	0.79	0.734	0.805	0.681
56328	2	0.897	0.889	0.409	0.408	2.394	2.4	0.766	0.694	0.731	0.659
56328	3	0.888	0.878	0.528	0.563	2.734	2.838	0.786	0.859	0.877	0.708
56328	4	0.89	0.885	0.468	0.498	2.571	2.659	0.77	0.738	0.767	0.67
56328	5	0.798	0.774	0.398	0.44	2.503	2.673	0.685	0.661	0.709	0.665
56328	6	0.768	0.86	0.402	0.428	2.564	2.502	0.705	0.692	0.719	0.719
56328	7	0.784	0.83	0.425	0.417	2.609	2.512	0.701	0.735	0.725	0.676
56328	8	0.746	0.781	0.442	0.488	2.728	2.803	0.697	0.769	0.765	0.745
56328	9	0.886	0.892	0.416	0.421	2.429	2.437	0.74	0.615	0.719	0.673
56328	10	0.887	0.857	0.446	0.458	2.515	2.592	0.75	0.613	0.745	0.699
56328	11	0.878	0.851	0.377	0.385	2.322	2.385	0.706	0.706	0.698	0.687
56328	12	0.831	0.759	0.452	0.459	2.614	2.757	0.758	0.77	0.766	0.753
56328	13	0.89	0.883	0.34	0.344	2.19	2.213	0.653	0.669	0.665	0.622
56328	14	0.865	0.892	0.401	0.432	2.414	2.466	0.681	0.714	0.778	0.59
56328	15	0.79	0.848	0.447	0.49	2.668	2.695	0.694	0.726	0.767	0.703
56328	16	0.79	0.806	0.382	0.374	2.466	2.415	0.678	0.708	0.699	0.653
56328	17	0.586	0.719	0.464	0.512	3.154	2.992	0.784	0.716	0.76	0.83
56328	18	0.799	0.837	0.405	0.402	2.524	2.455	0.678	0.712	0.71	0.705
56328	19	0.865	0.863	0.407	0.405	2.432	2.429	0.689	0.686	0.623	0.719
56328	20	0.886	0.863	0.412	0.388	2.416	2.375	0.625	0.697	0.672	0.592
56328	21	0.749	0.798	0.348	0.366	2.418	2.402	0.665	0.714	0.682	0.609
56328	22	0.761	0.84	0.394	0.394	2.55	2.427	0.718	0.722	0.687	0.704
56328	23	0.768	0.788	0.392	0.395	2.534	2.509	0.706	0.734	0.692	0.708
56328	24	0.879	0.855	0.466	0.456	2.581	2.588	0.794	0.718	0.751	0.708
56328	25	0.856	0.79	0.362	0.411	2.304	2.556	0.605	0.673	0.714	0.671
56328	26	0.757	0.696	0.408	0.356	2.603	2.535	0.723	0.667	0.628	0.668
56328	27	0.786	0.817	0.337	0.326	2.321	2.238	0.625	0.652	0.582	0.668
56328	28	0.746	0.863	0.466	0.39	2.801	2.383	0.739	0.784	0.653	0.755
56328	29	0.784	0.823	0.412	0.398	2.569	2.465	0.701	0.712	0.653	0.679
56328	30	0.759	0.861	0.448	0.376	2.723	2.343	0.69	0.686	0.628	0.688
56337	1	0.875	0.874	0.478	0.466	2.619	2.588	0.755	0.765	0.756	0.729
56337	2	0.798	0.86	0.442	0.453	2.638	2.573	0.711	0.765	0.749	0.689
56337	3	0.902	0.896	0.545	0.533	2.754	2.735	0.843	0.776	0.802	0.769
56337	4	0.743	0.446	0.473	0.516	2.828	3.812	0.703	0.734	0.754	0.686
56337	5	0.798	0.716	0.425	0.464	2.586	2.854	0.691	0.726	0.708	0.749
56337	6	0.838	0.782	0.473	0.479	2.664	2.775	0.77	0.704	0.766	0.711
56337	7	0.887	0.885	0.418	0.264	2.434	1.936	0.724	0.71	0.676	0.77
56337	8	0.888	0.876	0.425	0.262	2.453	1.938	0.722	0.689	0.735	0.698
56337	9	0.872	0.889	0.489	0.297	2.654	2.047	0.674	0.806	0.795	0.65
56337	10	0.855	0.863	0.438	0.275	2.537	2.001	0.65	0.758	0.758	0.621
56337	11	0.849	0.876	0.346	0.349	2.262	2.238	0.632	0.686	0.646	0.64
56337	12	0.808	0.815	0.398	0.427	2.488	2.564	0.657	0.725	0.715	0.71
56337	13	0.642	0.813	0.47	0.465	3.033	2.682	0.726	0.789	0.703	0.736
56337	14	0.857	0.849	0.603	0.603	2.973	2.988	0.87	0.77	0.831	0.749
56337	15	0.825	0.651	0.384	0.413	2.419	2.823	0.66	0.71	0.754	0.7
56337	16	0.859	0.603	0.436	0.441	2.527	3.03	0.732	0.667	0.696	0.738
56337	17	0.893	0.889	0.445	0.261	2.502	1.921	0.699	0.718	0.71	0.724
56337	18	0.867	0.861	0.418	0.262	2.461	1.956	0.66	0.739	0.721	0.685
56337	19	0.883	0.824	0.531	0.343	2.749	2.288	0.821	0.743	0.822	0.785
56337	20	0.896	0.872	0.443	0.256	2.492	1.921	0.666	0.732	0.731	0.648
56337	21	0.775	0.842	0.398	0.421	2.541	2.506	0.735	0.652	0.716	0.696
56337	22	0.576	0.873	0.498	0.505	3.297	2.696	0.755	0.838	0.763	0.756
56337	23	0.734	0.889	0.434	0.47	2.725	2.578	0.745	0.711	0.744	0.748
56337	24	0.806	0.856	0.439	0.457	2.616	2.591	0.687	0.706	0.723	0.656
56337	25	0.897	0.873	0.374	0.382	2.288	2.346	0.62	0.704	0.673	0.679
56337	26	0.904	0.883	0.431	0.431	2.446	2.477	0.676	0.761	0.668	0.744
56337	27	0.883	0.878	0.368	0.239	2.289	1.848	0.709	0.62	0.672	0.693
56337	28	0.887	0.892	0.42	0.261	2.44	1.918	0.703	0.685	0.741	0.687
56337	29	0.898	0.889	0.382	0.237	2.312	1.829	0.69	0.625	0.67	0.709
56337	30	0.823	0.876	0.384	0.258	2.422	1.922	0.691	0.637	0.713	0.671
56628	1	0.905	0.879	0.574	0.553	2.824	2.811	0.744	0.791	0.796	0.839
56628	2	0.894	0.893	0.551	0.544	2.782	2.766	0.692	0.796	0.766	0.803
56628	3	0.892	0.891	0.554	0.545	2.793	2.773	0.78	0.739	0.761	0.819
56628	4	0.894	0.89	0.553	0.511	2.787	2.687	0.749	0.749	0.716	0.698
56628	5	0.776	0.704	0.454	0.465	2.71	2.882	0.65	0.63	0.652	0.648
56628	6	0.895	0.869	0.48	0.524	2.596	2.754	0.781	0.749	0.792	0.784
56628	7	0.872	0.863	0.373	0.403	2.318	2.422	0.671	0.635	0.672	0.677
56628	8	0.887	0.866	0.42	0.433	2.439	2.507	0.713	0.734	0.729	0.697
56628	9	0.867	0.886	0.605	0.656	2.96	3.051	0.911	0.807	0.85	0.899
56628	10	0.83	0.765	0.516	0.555	2.795	3.019	0.775	0.723	0.713	0.776
56628	11	0.882	0.876	0.443	0.42	2.512	2.454	0.645	0.692	0.712	0.7
56628	12	0.84	0.217	0.534	0.422	2.826	4.941	0.723	0.744	0.709	0.814
56628	13	0.905	0.906	0.506	0.5	2.652	2.634	0.671	0.76	0.715	0.742
56628	14	0.89	0.901	0.506	0.475	2.673	2.573	0.713	0.713	0.732	0.704
56628	15	0.79	0.558	0.578	0.627	3.033	3.758	0.744	0.708	0.812	0.811
56628	16	0.871	0.825	0.394	0.403	2.382	2.478	0.677	0.713	0.753	0.667
56628	17	0.826	0.864	0.384	0.396	2.417	2.399	0.703	0.692	0.704	0.658
56628	18	0.854	0.795	0.489	0.524	2.684	2.876	0.765	0.791	0.816	0.781
56628	19	0.88	0.885	0.485	0.524	2.632	2.728	0.775	0.755	0.799	0.758
56628	20	0.882	0.678	0.488	0.537	2.636	3.157	0.734	0.781	0.78	0.729
56628	21	0.811	0.9	0.522	0.493	2.844	2.624	0.718	0.77	0.792	0.713
56628	22	0.864	0.89	0.506	0.492	2.713	2.637	0.77	0.682	0.797	0.744
56628	23	0.88	0.897	0.655	0.608	3.059	2.918	0.864	0.858	0.825	0.8
56628	24	0.883	0.892	0.494	0.456	2.65	2.536	0.703	0.692	0.793	0.692
56628	25	0.843	0.582	0.537	0.613	2.83	3.639	0.708	0.728	0.825	0.696
56628	26	0.841	0.854	0.366	0.389	2.339	2.393	0.687	0.65	0.67	0.661
56628	27	0.835	0.829	0.309	0.361	2.158	2.34	0.604	0.65	0.644	0.673
56628	28	0.862	0.877	0.33	0.39	2.194	2.364	0.619	0.619	0.68	0.676
56628	29	0.854	0.855	0.435	0.476	2.532	2.645	0.692	0.755	0.758	0.725
56628	30	0.582	0.669	0.621	0.658	3.661	3.517	0.827	0.776	0.813	0.816
56675	1	0.776	0.739	0.278	0.298	2.119	2.251	0.538	0.572	0.463	0.504
56675	2	0.793	0.815	0.31	0.356	2.216	2.343	0.643	0.595	0.539	0.53
56675	3	0.833	0.812	0.331	0.368	2.235	2.387	0.641	0.629	0.597	0.506
56675	4	0.76	0.744	0.334	0.413	2.35	2.64	0.664	0.595	0.586	0.549
56675	5	0.599	0.444	0.397	0.603	2.887	4.131	0.607	0.572	0.519	0.569
56675	6	0.687	0.586	0.415	0.428	2.755	3.03	0.56	0.544	0.551	0.511
56675	7	0.789	0.827	0.345	0.366	2.345	2.358	0.481	0.535	0.489	0.501
56675	8	0.745	0.776	0.358	0.365	2.455	2.434	0.519	0.566	0.537	0.514
56675	9	0.755	0.808	0.427	0.419	2.666	2.552	0.583	0.604	0.558	0.573
56675	10	0.683	0.548	0.464	0.466	2.92	3.269	0.583	0.561	0.558	0.559
56675	11	0.791	0.759	0.246	0.281	1.976	2.158	0.481	0.549	0.482	0.482
56675	12	0.755	0.817	0.316	0.321	2.294	2.221	0.618	0.607	0.533	0.462
56675	13	0.8	0.812	0.305	0.366	2.19	2.379	0.584	0.664	0.565	0.58
56675	14	0.772	0.769	0.318	0.405	2.275	2.571	0.561	0.623	0.579	0.552
56675	15	0.649	0.817	0.463	0.513	2.992	2.809	0.641	0.675	0.647	0.598
56675	16	0.74	0.76	0.324	0.322	2.344	2.307	0.457	0.45	0.51	0.477
56675	17	0.745	0.699	0.334	0.334	2.371	2.45	0.535	0.519	0.523	0.471
56675	18	0.663	0.776	0.337	0.364	2.527	2.429	0.558	0.496	0.565	0.541
56675	19	0.662	0.81	0.418	0.401	2.817	2.493	0.604	0.583	0.555	0.582
56675	20	0.756	0.709	0.441	0.455	2.706	2.84	0.54	0.561	0.532	0.579
56675	21	0.781	0.726	0.399	0.445	2.532	2.775	0.698	0.641	0.577	0.615
56675	22	0.759	0.717	0.287	0.315	2.179	2.351	0.572	0.549	0.457	0.524
56675	23	0.778	0.756	0.274	0.318	2.105	2.301	0.561	0.572	0.508	0.565
56675	24	0.765	0.743	0.3	0.352	2.219	2.442	0.572	0.561	0.533	0.544
56675	25	0.686	0.762	0.443	0.574	2.85	3.076	0.629	0.641	0.622	0.659
56675	26	0.725	0.7	0.357	0.35	2.49	2.508	0.481	0.481	0.471	0.508
56675	27	0.782	0.698	0.281	0.284	2.124	2.263	0.45	0.434	0.449	0.442
56675	28	0.726	0.756	0.445	0.412	2.776	2.616	0.581	0.612	0.558	0.583
56675	29	0.761	0.739	0.375	0.367	2.49	2.499	0.496	0.55	0.511	0.558
56675	30	0.769	0.615	0.632	0.618	3.215	3.554	0.637	0.637	0.62	0.598
56778	1	0.819	0.866	0.465	0.395	2.672	2.394	0.747	0.736	0.722	0.729
56778	2	0.89	0.883	0.324	0.284	2.138	2.01	0.608	0.634	0.585	0.659
56778	3	0.86	0.54	0.483	0.338	2.658	2.804	0.789	0.703	0.764	0.717
56778	4	0.882	0.881	0.376	0.297	2.316	2.06	0.647	0.651	0.588	0.665
56778	5	0.551	0.882	0.48	0.363	3.307	2.273	0.647	0.737	0.69	0.664
56778	6	0.66	0.863	0.397	0.488	2.75	2.665	0.722	0.711	0.762	0.814
56778	7	0.805	0.864	0.36	0.435	2.371	2.514	0.667	0.703	0.719	0.721
56778	8	0.806	0.883	0.412	0.465	2.536	2.574	0.758	0.711	0.756	0.774
56778	9	0.821	0.813	0.414	0.472	2.518	2.701	0.742	0.707	0.703	0.805
56778	10	0.683	0.898	0.441	0.491	2.849	2.622	0.742	0.734	0.758	0.77
56778	11	0.878	0.885	0.415	0.374	2.436	2.305	0.724	0.694	0.756	0.71
56778	12	0.85	0.837	0.525	0.429	2.786	2.536	0.819	0.772	0.78	0.723
56778	13	0.878	0.834	0.597	0.546	2.924	2.869	0.871	0.823	0.846	0.875
56778	14	0.815	0.9	0.579	0.501	2.988	2.646	0.823	0.754	0.827	0.784
56778	15	0.709	0.878	0.668	0.517	3.442	2.721	0.853	0.832	0.819	0.772
56778	16	0.863	0.785	0.395	0.501	2.398	2.833	0.695	0.75	0.77	0.814
56778	17	0.865	0.724	0.402	0.474	2.417	2.869	0.754	0.703	0.788	0.763
56778	18	0.863	0.759	0.48	0.589	2.642	3.123	0.813	0.766	0.835	0.871
56778	19	0.84	0.86	0.42	0.52	2.508	2.756	0.789	0.699	0.798	0.798
56778	20	0.684	0.882	0.579	0.662	3.261	3.072	0.849	0.813	0.887	0.858
56778	21	0.866	0.864	0.545	0.466	2.812	2.603	0.81	0.784	0.737	0.862
56778	22	0.903	0.891	0.496	0.428	2.628	2.456	0.815	0.772	0.752	0.811
56778	23	0.874	0.87	0.505	0.461	2.695	2.58	0.81	0.763	0.774	0.838
56778	24	0.874	0.896	0.464	0.441	2.582	2.487	0.711	0.741	0.75	0.792
56778	25	0.788	0.887	0.404	0.336	2.537	2.183	0.655	0.655	0.642	0.675
56778	26	0.87	0.883	0.453	0.559	2.558	2.821	0.809	0.746	0.815	0.851
56778	27	0.873	0.816	0.481	0.607	2.629	3.058	0.829	0.77	0.828	0.89
56778	28	0.828	0.811	0.466	0.58	2.66	3	0.849	0.742	0.858	0.814
56778	29	0.884	0.818	0.403	0.477	2.394	2.708	0.754	0.711	0.782	0.764
56778	30	0.718	0.69	0.577	0.657	3.177	3.461	0.825	0.746	0.82	0.818
56939	1	0.901	0.899	0.435	0.481	2.462	2.593	0.731	0.678	0.747	0.688
56939	2	0.897	0.874	0.404	0.447	2.378	2.534	0.712	0.663	0.699	0.699
56939	3	0.889	0.882	0.328	0.368	2.152	2.291	0.578	0.643	0.607	0.672
56939	4	0.887	0.879	0.454	0.478	2.535	2.616	0.708	0.748	0.731	0.736
56939	5	0.711	0.889	0.389	0.418	2.622	2.431	0.65	0.572	0.607	0.699
56939	6	0.89	0.864	0.41	0.42	2.407	2.471	0.746	0.682	0.717	0.669
56939	7	0.884	0.896	0.412	0.448	2.42	2.507	0.753	0.662	0.744	0.738
56939	8	0.893	0.884	0.526	0.584	2.72	2.883	0.87	0.775	0.813	0.801
56939	9	0.895	0.904	0.446	0.504	2.502	2.647	0.747	0.722	0.765	0.796
56939	10	0.829	0.775	0.457	0.505	2.632	2.86	0.705	0.753	0.754	0.742
56939	11	0.812	0.856	0.481	0.533	2.729	2.796	0.765	0.748	0.752	0.768
56939	12	0.863	0.895	0.682	0.719	3.152	3.177	0.895	0.883	0.885	0.844
56939	13	0.9	0.879	0.485	0.53	2.603	2.753	0.722	0.792	0.751	0.789
56939	14	0.885	0.902	0.451	0.527	2.531	2.711	0.679	0.777	0.715	0.774
56939	15	0.877	0.899	0.489	0.543	2.647	2.755	0.728	0.683	0.768	0.763
56939	16	0.876	0.872	0.362	0.356	2.278	2.267	0.718	0.647	0.593	0.743
56939	17	0.854	0.872	0.467	0.519	2.622	2.735	0.822	0.692	0.796	0.773
56939	18	0.884	0.883	0.681	0.75	3.113	3.266	0.878	0.931	0.953	0.933
56939	19	0.888	0.885	0.521	0.583	2.716	2.878	0.719	0.867	0.865	0.807
56939	20	0.848	0.824	0.475	0.507	2.653	2.78	0.807	0.703	0.747	0.771
56939	21	0.881	0.904	0.564	0.647	2.836	2.999	0.801	0.85	0.823	0.854
56939	22	0.84	0.891	0.49	0.546	2.706	2.774	0.732	0.818	0.758	0.742
56939	23	0.746	0.87	0.522	0.57	2.966	2.869	0.789	0.816	0.774	0.795
56939	24	0.821	0.892	0.537	0.617	2.867	2.949	0.781	0.814	0.793	0.81
56939	25	0.865	0.879	0.519	0.542	2.746	2.783	0.786	0.728	0.693	0.765
56939	26	0.884	0.879	0.486	0.544	2.628	2.787	0.772	0.789	0.785	0.8
56939	27	0.887	0.879	0.439	0.48	2.494	2.619	0.725	0.755	0.778	0.735
56939	28	0.842	0.871	0.535	0.552	2.826	2.821	0.828	0.842	0.814	0.796
56939	29	0.873	0.871	0.538	0.572	2.783	2.872	0.828	0.794	0.789	0.845
56939	30	0.635	0.627	0.697	0.696	3.715	3.735	0.886	0.864	0.842	0.868
56995	1	0.894	0.837	0.398	0.42	2.366	2.51	0.746	0.678	0.743	0.67
56995	2	0.881	0.874	0.426	0.473	2.465	2.607	0.75	0.719	0.77	0.705
56995	3	0.889	0.89	0.646	0.669	3.022	3.073	0.897	0.856	0.904	0.826
56995	4	0.581	0.723	0.433	0.465	3.062	2.843	0.707	0.68	0.712	0.653
56995	5	0.885	0.885	0.34	0.403	2.197	2.393	0.663	0.711	0.693	0.677
56995	6	0.891	0.595	0.497	0.609	2.648	3.584	0.8	0.853	0.83	0.818
56995	7	0.896	0.857	0.394	0.338	2.35	2.225	0.676	0.734	0.667	0.702
56995	8	0.887	0.895	0.37	0.363	2.291	2.256	0.681	0.615	0.647	0.684
56995	9	0.889	0.89	0.609	0.548	2.934	2.781	0.828	0.839	0.793	0.812
56995	10	0.712	0.637	0.543	0.528	3.096	3.228	0.758	0.771	0.725	0.81
56995	11	0.702	0.857	0.261	0.41	2.163	2.452	0.7	0.73	0.708	0.687
56995	12	0.885	0.861	0.452	0.474	2.533	2.632	0.804	0.712	0.778	0.721
56995	13	0.894	0.87	0.45	0.464	2.514	2.591	0.748	0.777	0.776	0.731
56995	14	0.659	0.891	0.539	0.547	3.206	2.777	0.824	0.754	0.804	0.725
56995	15	0.88	0.885	0.451	0.557	2.538	2.811	0.814	0.777	0.777	0.816
56995	16	0.889	0.857	0.528	0.633	2.731	3.047	0.801	0.87	0.821	0.849
56995	17	0.879	0.861	0.313	0.294	2.116	2.072	0.633	0.646	0.63	0.669
56995	18	0.808	0.87	0.36	0.344	2.365	2.23	0.669	0.659	0.632	0.657
56995	19	0.813	0.871	0.494	0.467	2.764	2.594	0.748	0.79	0.735	0.78
56995	20	0.596	0.609	0.444	0.452	3.061	3.055	0.621	0.715	0.702	0.726
56995	21	0.902	0.892	0.365	0.358	2.255	2.246	0.668	0.711	0.671	0.662
56995	22	0.893	0.859	0.517	0.523	2.696	2.765	0.777	0.81	0.821	0.763
56995	23	0.898	0.807	0.495	0.494	2.632	2.775	0.762	0.795	0.773	0.736
56995	24	0.892	0.837	0.331	0.323	2.16	2.204	0.59	0.66	0.639	0.586
56995	25	0.77	0.834	0.309	0.372	2.246	2.366	0.669	0.655	0.693	0.658
56995	26	0.889	0.872	0.378	0.434	2.311	2.5	0.723	0.706	0.686	0.728
56995	27	0.892	0.881	0.309	0.261	2.086	1.93	0.584	0.63	0.631	0.636
56995	28	0.641	0.805	0.389	0.346	2.762	2.325	0.677	0.698	0.651	0.663
56995	29	0.896	0.877	0.364	0.339	2.26	2.204	0.652	0.634	0.64	0.646
56995	30	0.445	0.535	0.427	0.394	3.474	3.04	0.596	0.63	0.606	0.615
55395	1	0.835	0.876	0.485	0.525	2.702	2.744	0.844	0.739	0.775	0.803
55395	2	0.893	0.87	0.472	0.477	2.577	2.627	0.805	0.742	0.758	0.748
55395	3	0.903	0.887	0.427	0.371	2.439	2.294	0.745	0.713	0.726	0.717
55395	4	0.853	0.886	0.535	0.44	2.806	2.498	0.78	0.817	0.809	0.737
55395	5	0.716	0.876	0.727	0.499	3.571	2.677	0.869	0.822	0.863	0.811
55395	6	0.853	0.627	0.417	0.478	2.48	3.095	0.744	0.683	0.774	0.754
55395	7	0.858	0.885	0.526	0.492	2.775	2.643	0.807	0.748	0.791	0.696
55395	8	0.886	0.882	0.588	0.532	2.889	2.752	0.841	0.807	0.793	0.795
55395	9	0.599	0.887	0.582	0.45	3.494	2.526	0.769	0.718	0.733	0.752
55395	10	0.84	0.876	0.513	0.502	2.771	2.682	0.782	0.728	0.772	0.779
55395	11	0.879	0.886	0.438	0.469	2.501	2.579	0.712	0.758	0.719	0.739
55395	12	0.883	0.86	0.453	0.47	2.54	2.62	0.732	0.775	0.777	0.752
55395	13	0.874	0.882	0.432	0.382	2.491	2.333	0.75	0.707	0.721	0.735
55395	14	0.876	0.867	0.461	0.403	2.572	2.418	0.745	0.753	0.768	0.757
55395	15	0.813	0.849	0.606	0.428	3.059	2.518	0.741	0.788	0.77	0.76
55395	16	0.882	0.877	0.485	0.462	2.627	2.573	0.798	0.741	0.778	0.826
55395	17	0.899	0.888	0.426	0.409	2.441	2.407	0.711	0.705	0.639	0.755
55395	18	0.902	0.878	0.432	0.401	2.454	2.395	0.733	0.693	0.667	0.714
55395	19	0.857	0.883	0.563	0.493	2.873	2.649	0.821	0.751	0.78	0.758
55395	20	0.884	0.894	0.46	0.455	2.557	2.53	0.735	0.679	0.725	0.737
55395	21	0.903	0.911	0.337	0.374	2.164	2.272	0.664	0.596	0.677	0.641
55395	22	0.869	0.894	0.44	0.42	2.523	2.429	0.736	0.742	0.734	0.674
55395	23	0.83	0.877	0.438	0.399	2.574	2.391	0.735	0.684	0.728	0.728
55395	24	0.849	0.734	0.386	0.502	2.392	2.933	0.701	0.616	0.7	0.695
55395	25	0.797	0.903	0.474	0.367	2.733	2.261	0.746	0.702	0.668	0.75
55395	26	0.879	0.852	0.391	0.351	2.363	2.274	0.678	0.7	0.747	0.683
55395	27	0.872	0.889	0.458	0.423	2.568	2.446	0.728	0.745	0.761	0.661
55395	28	0.713	0.894	0.472	0.427	2.885	2.449	0.734	0.718	0.723	0.658
55395	29	0.893	0.861	0.482	0.443	2.604	2.542	0.742	0.73	0.739	0.71
55395	30	0.715	0.54	0.473	0.397	2.884	3.042	0.677	0.677	0.685	0.684
55397	1	0.827	0.824	0.17	0.185	1.607	1.682	0.542	0.531	0.53	0.539
55397	2	0.825	0.785	0.238	0.293	1.905	2.165	0.655	0.588	0.689	0.636
55397	3	0.853	0.74	0.258	0.324	1.951	2.347	0.669	0.632	0.696	0.578
55397	4	0.677	0.555	0.308	0.511	2.39	3.401	0.72	0.666	0.673	0.665
55397	5	0.607	0.786	0.431	0.525	2.987	2.897	0.779	0.677	0.732	0.792
55397	6	0.73	0.65	0.623	0.713	3.274	3.711	0.72	0.783	0.871	0.825
55397	7	0.773	0.702	0.367	0.341	2.44	2.472	0.604	0.648	0.584	0.601
55397	8	0.76	0.724	0.305	0.258	2.244	2.117	0.608	0.586	0.485	0.538
55397	9	0.735	0.744	0.375	0.325	2.532	2.343	0.609	0.628	0.562	0.679
55397	10	0.721	0.712	0.458	0.438	2.824	2.782	0.686	0.607	0.639	0.693
55397	11	0.795	0.829	0.149	0.161	1.536	1.561	0.542	0.452	0.5	0.457
55397	12	0.795	0.798	0.266	0.317	2.05	2.235	0.622	0.735	0.715	0.631
55397	13	0.835	0.757	0.217	0.285	1.809	2.176	0.645	0.565	0.602	0.611
55397	14	0.818	0.796	0.159	0.204	1.561	1.795	0.52	0.447	0.477	0.484
55397	15	0.691	0.78	0.415	0.486	2.749	2.796	0.779	0.723	0.763	0.778
55397	16	0.655	0.747	0.346	0.361	2.575	2.464	0.548	0.57	0.574	0.62
55397	17	0.742	0.757	0.385	0.353	2.556	2.421	0.671	0.647	0.654	0.657
55397	18	0.732	0.757	0.349	0.3	2.446	2.234	0.624	0.679	0.621	0.614
55397	19	0.768	0.752	0.281	0.243	2.142	2.015	0.529	0.539	0.493	0.565
55397	20	0.734	0.709	0.43	0.385	2.713	2.613	0.646	0.588	0.649	0.622
55397	21	0.764	0.762	0.186	0.206	1.749	1.842	0.587	0.533	0.564	0.536
55397	22	0.795	0.802	0.254	0.289	2.003	2.13	0.632	0.66	0.611	0.648
55397	23	0.812	0.772	0.255	0.347	1.986	2.377	0.655	0.678	0.672	0.657
55397	24	0.756	0.784	0.202	0.275	1.831	2.098	0.561	0.489	0.575	0.564
55397	25	0.729	0.794	0.297	0.405	2.262	2.534	0.69	0.587	0.704	0.666
55397	26	0.767	0.714	0.405	0.457	2.577	2.837	0.574	0.584	0.607	0.685
55397	27	0.739	0.787	0.332	0.29	2.377	2.152	0.572	0.572	0.599	0.522
55397	28	0.76	0.765	0.37	0.331	2.475	2.332	0.596	0.657	0.619	0.637
55397	29	0.705	0.751	0.403	0.407	2.68	2.611	0.578	0.646	0.688	0.7
55397	30	0.73	0.581	0.514	0.473	2.975	3.198	0.695	0.617	0.689	0.684

